

Matrix Elements of P                                                            
============================================================
 Note that (v',J') & (v",J") strictly label the upper and lower levels, resp.,
      and  E(lower)=E"
 but  E(2)-E(1)  is:  (energy of State-2 level) - (energy of State-1 level)

            Band
 dJ(J")    v'   v"  E(lower)  E(2)-E(1)  A(Einstein)   F-C Factor  <v'j'|M|v"j">
 ------   -------  --------   --------   -----------   -----------   -----------
 Q(  1)    0 -  0  65832.42       0.00   0.00000E+00   3.61491E-31  -6.01242E-16
 Q(  1)    1 -  0  65832.42   -1481.35   0.00000E+00   1.49157E+02   -12.213    
 Q(  1)    1 -  1  67313.77       0.00   0.00000E+00   4.23670E-31   6.50899E-16
 Q(  1)    2 -  0  65832.42   -2931.08   0.00000E+00   2.75520E+00    1.6599    
 Q(  1)    2 -  1  67313.77   -1449.73   0.00000E+00   2.89627E+02   -17.018    
 Q(  1)    2 -  2  68763.50       0.00   0.00000E+00   1.29687E-31   3.60121E-16
 Q(  1)    3 -  0  65832.42   -4353.78   0.00000E+00   5.89948E-02  -0.24289    
 Q(  1)    3 -  1  67313.77   -2872.43   0.00000E+00   7.02144E+00    2.6498    
 Q(  1)    3 -  2  68763.50   -1422.70   0.00000E+00   4.23902E+02   -20.589    
 Q(  1)    3 -  3  70186.20       0.00   0.00000E+00   3.21502E-32  -1.79305E-16
 Q(  1)    4 -  0  65832.42   -5754.03   0.00000E+00   2.74607E-05  -5.24030E-03
 Q(  1)    4 -  1  67313.77   -4272.68   0.00000E+00   1.74902E-01  -0.41821    
 Q(  1)    4 -  2  68763.50   -2822.95   0.00000E+00   1.18463E+01    3.4418    
 Q(  1)    4 -  3  70186.20   -1400.24   0.00000E+00   5.54238E+02   -23.542    
 Q(  1)    4 -  4  71586.45       0.00   0.00000E+00   2.15319E-30   1.46738E-15
 Q(  1)    5 -  0  65832.42   -7136.38   0.00000E+00   7.09013E-04   2.66273E-02
 Q(  1)    5 -  1  67313.77   -5655.03   0.00000E+00   6.17783E-04  -2.48552E-02
 Q(  1)    5 -  2  68763.50   -4205.30   0.00000E+00   3.21011E-01  -0.56658    
 Q(  1)    5 -  3  70186.20   -2782.59   0.00000E+00   1.64963E+01    4.0616    
 Q(  1)    5 -  4  71586.45   -1382.35   0.00000E+00   6.82695E+02   -26.128    
 Q(  1)    5 -  5  72968.80       0.00   0.00000E+00   1.27206E-32  -1.12785E-16
 Q(  1)    6 -  0  65832.42   -8505.41   0.00000E+00   2.20271E-04  -1.48415E-02
 Q(  1)    6 -  1  67313.77   -7024.06   0.00000E+00   3.53999E-03   5.94978E-02
 Q(  1)    6 -  2  68763.50   -5574.33   0.00000E+00   3.83868E-03  -6.19571E-02
 Q(  1)    6 -  3  70186.20   -4151.62   0.00000E+00   4.67127E-01  -0.68347    
 Q(  1)    6 -  4  71586.45   -2751.38   0.00000E+00   2.04105E+01    4.5178    
 Q(  1)    6 -  5  72968.80   -1369.03   0.00000E+00   8.11170E+02   -28.481    
 Q(  1)    6 -  6  74337.83       0.00   0.00000E+00   1.88505E-30  -1.37297E-15
 Q(  1)    7 -  0  65832.42   -9865.71   0.00000E+00   2.12854E-05   4.61361E-03
 Q(  1)    7 -  1  67313.77   -8384.36   0.00000E+00   1.01657E-03  -3.18837E-02
 Q(  1)    7 -  2  68763.50   -6934.63   0.00000E+00   1.01083E-02   0.10054    
 Q(  1)    7 -  3  70186.20   -5511.92   0.00000E+00   1.40306E-02  -0.11845    
 Q(  1)    7 -  4  71586.45   -4111.68   0.00000E+00   5.91109E-01  -0.76884    
 Q(  1)    7 -  5  72968.80   -2729.33   0.00000E+00   2.31731E+01    4.8138    
 Q(  1)    7 -  6  74337.83   -1360.30   0.00000E+00   9.41420E+02   -30.683    
 Q(  1)    7 -  7  75698.13       0.00   0.00000E+00   3.21939E-33   5.67397E-17
 Q(  1)    8 -  0  65832.42  -11221.89   0.00000E+00   2.69524E-09   5.19157E-05
 Q(  1)    8 -  1  67313.77   -9740.54   0.00000E+00   7.53042E-05   8.67780E-03
 Q(  1)    8 -  2  68763.50   -8290.81   0.00000E+00   2.60414E-03  -5.10307E-02
 Q(  1)    8 -  3  70186.20   -6868.11   0.00000E+00   2.14000E-02   0.14629    
 Q(  1)    8 -  4  71586.45   -5467.87   0.00000E+00   3.80707E-02  -0.19512    
 Q(  1)    8 -  5  72968.80   -4085.51   0.00000E+00   6.83679E-01  -0.82685    
 Q(  1)    8 -  6  74337.83   -2716.48   0.00000E+00   2.45003E+01    4.9498    
 Q(  1)    8 -  7  75698.13   -1356.18   0.00000E+00   1.07506E+03   -32.788    
 Q(  1)    8 -  8  77054.31       0.00   0.00000E+00   1.87598E-31   4.33125E-16
 Q(  1)    9 -  0  65832.42  -12578.60   0.00000E+00   1.37858E-06  -1.17413E-03
 Q(  1)    9 -  1  67313.77  -11097.25   0.00000E+00   1.97644E-06   1.40586E-03
 Q(  1)    9 -  2  68763.50   -9647.52   0.00000E+00   1.24154E-04   1.11424E-02
 Q(  1)    9 -  3  70186.20   -8224.81   0.00000E+00   4.81601E-03  -6.93974E-02
 Q(  1)    9 -  4  71586.45   -6824.57   0.00000E+00   3.68470E-02   0.19196    
 Q(  1)    9 -  5  72968.80   -5442.22   0.00000E+00   8.54073E-02  -0.29225    
 Q(  1)    9 -  6  74337.83   -4073.19   0.00000E+00   7.48940E-01  -0.86541    
 Q(  1)    9 -  7  75698.13   -2712.89   0.00000E+00   2.42409E+01    4.9235    
 Q(  1)    9 -  8  77054.31   -1356.71   0.00000E+00   1.21357E+03   -34.836    
 Q(  1)    9 -  9  78411.02       0.00   0.00000E+00   1.22715E-30   1.10777E-15
 Q(  1)   10 -  0  65832.42  -13940.43   0.00000E+00   7.04018E-07   8.39058E-04
 Q(  1)   10 -  1  67313.77  -12459.08   0.00000E+00   1.07122E-05  -3.27295E-03
 Q(  1)   10 -  2  68763.50  -11009.35   0.00000E+00   2.27119E-05   4.76570E-03
 Q(  1)   10 -  3  70186.20   -9586.65   0.00000E+00   1.01792E-04   1.00892E-02
 Q(  1)   10 -  4  71586.45   -8186.41   0.00000E+00   7.08674E-03  -8.41828E-02
 Q(  1)   10 -  5  72968.80   -6804.06   0.00000E+00   5.35971E-02   0.23151    
 Q(  1)   10 -  6  74337.83   -5435.02   0.00000E+00   1.68284E-01  -0.41022    
 Q(  1)   10 -  7  75698.13   -4074.72   0.00000E+00   8.02583E-01  -0.89587    
 Q(  1)   10 -  8  77054.31   -2718.54   0.00000E+00   2.23925E+01    4.7321    
 Q(  1)   10 -  9  78411.02   -1361.84   0.00000E+00   1.35819E+03   -36.854    
 Q(  1)   10 - 10  79772.85       0.00   0.00000E+00   1.84993E-31   4.30108E-16
 Q(  1)   11 -  0  65832.42  -15311.80   0.00000E+00   7.41782E-08  -2.72357E-04
 Q(  1)   11 -  1  67313.77  -13830.45   0.00000E+00   3.79486E-06   1.94804E-03
 Q(  1)   11 -  2  68763.50  -12380.72   0.00000E+00   4.15801E-05  -6.44826E-03
 Q(  1)   11 -  3  70186.20  -10958.01   0.00000E+00   1.10015E-04   1.04888E-02
 Q(  1)   11 -  4  71586.45   -9557.77   0.00000E+00   1.46631E-05   3.82924E-03
 Q(  1)   11 -  5  72968.80   -8175.42   0.00000E+00   8.71129E-03  -9.33343E-02
 Q(  1)   11 -  6  74337.83   -6806.39   0.00000E+00   6.63718E-02   0.25763    
 Q(  1)   11 -  7  75698.13   -5446.09   0.00000E+00   3.02533E-01  -0.55003    
 Q(  1)   11 -  8  77054.31   -4089.91   0.00000E+00   8.69342E-01  -0.93238    
 Q(  1)   11 -  9  78411.02   -2733.20   0.00000E+00   1.91398E+01    4.3749    
 Q(  1)   11 - 10  79772.85   -1371.36   0.00000E+00   1.50973E+03   -38.855    
 Q(  1)   11 - 11  81144.22       0.00   0.00000E+00   2.62895E-30   1.62140E-15
 Q(  1)   12 -  0  65832.42  -16696.45   0.00000E+00   3.80974E-09  -6.17231E-05
 Q(  1)   12 -  1  67313.77  -15215.10   0.00000E+00   1.69384E-07  -4.11563E-04
 Q(  1)   12 -  2  68763.50  -13765.37   0.00000E+00   9.65952E-06   3.10798E-03
 Q(  1)   12 -  3  70186.20  -12342.66   0.00000E+00   1.06705E-04  -1.03298E-02
 Q(  1)   12 -  4  71586.45  -10942.42   0.00000E+00   3.32973E-04   1.82476E-02
 Q(  1)   12 -  5  72968.80   -9560.07   0.00000E+00   7.90705E-05  -8.89216E-03
 Q(  1)   12 -  6  74337.83   -8191.04   0.00000E+00   9.27452E-03  -9.63043E-02
 Q(  1)   12 -  7  75698.13   -6830.74   0.00000E+00   6.86058E-02   0.26193    
 Q(  1)   12 -  8  77054.31   -5474.56   0.00000E+00   5.08398E-01  -0.71302    
 Q(  1)   12 -  9  78411.02   -4117.85   0.00000E+00   9.80746E-01  -0.99033    
 Q(  1)   12 - 10  79772.85   -2756.02   0.00000E+00   1.49095E+01    3.8613    
 Q(  1)   12 - 11  81144.22   -1384.65   0.00000E+00   1.66814E+03   -40.843    
 Q(  1)   12 - 12  82528.87       0.00   0.00000E+00   6.79237E-32  -2.60622E-16
 Q(  1)   13 -  0  65832.42  -18096.71   0.00000E+00   1.77460E-08   1.33214E-04
 Q(  1)   13 -  1  67313.77  -16615.36   0.00000E+00   1.10268E-07  -3.32067E-04
 Q(  1)   13 -  2  68763.50  -15165.62   0.00000E+00   3.44911E-08  -1.85718E-04
 Q(  1)   13 -  3  70186.20  -13742.92   0.00000E+00   1.42561E-05   3.77572E-03
 Q(  1)   13 -  4  71586.45  -12342.68   0.00000E+00   2.02098E-04  -1.42161E-02
 Q(  1)   13 -  5  72968.80  -10960.33   0.00000E+00   7.19355E-04   2.68208E-02
 Q(  1)   13 -  6  74337.83   -9591.30   0.00000E+00   8.29131E-04  -2.87946E-02
 Q(  1)   13 -  7  75698.13   -8231.00   0.00000E+00   8.96427E-03  -9.46799E-02
 Q(  1)   13 -  8  77054.31   -6874.81   0.00000E+00   5.57592E-02   0.23613    
 Q(  1)   13 -  9  78411.02   -5518.11   0.00000E+00   8.08303E-01  -0.89906    
 Q(  1)   13 - 10  79772.85   -4156.27   0.00000E+00   1.17075E+00   -1.0820    
 Q(  1)   13 - 11  81144.22   -2784.91   0.00000E+00   1.03877E+01    3.2230    
 Q(  1)   13 - 12  82528.87   -1400.26   0.00000E+00   1.83193E+03   -42.801    
 Q(  1)   13 - 13  83929.13       0.00   0.00000E+00   1.50597E-31   3.88068E-16
 Q(  1)   14 -  0  65832.42  -19512.16   0.00000E+00   5.43462E-09  -7.37199E-05
 Q(  1)   14 -  1  67313.77  -18030.81   0.00000E+00   1.35319E-07   3.67857E-04
 Q(  1)   14 -  2  68763.50  -16581.08   0.00000E+00   8.00390E-07  -8.94645E-04
 Q(  1)   14 -  3  70186.20  -15158.38   0.00000E+00   4.06275E-07   6.37397E-04
 Q(  1)   14 -  4  71586.45  -13758.13   0.00000E+00   1.11073E-05   3.33276E-03
 Q(  1)   14 -  5  72968.80  -12375.78   0.00000E+00   2.99383E-04  -1.73027E-02
 Q(  1)   14 -  6  74337.83  -11006.75   0.00000E+00   1.16404E-03   3.41180E-02
 Q(  1)   14 -  7  75698.13   -9646.45   0.00000E+00   3.12919E-03  -5.59391E-02
 Q(  1)   14 -  8  77054.31   -8290.27   0.00000E+00   8.44963E-03  -9.19218E-02
 Q(  1)   14 -  9  78411.02   -6933.56   0.00000E+00   3.08401E-02   0.17561    
 Q(  1)   14 - 10  79772.85   -5571.73   0.00000E+00   1.21353E+00   -1.1016    
 Q(  1)   14 - 11  81144.22   -4200.36   0.00000E+00   1.45998E+00   -1.2083    
 Q(  1)   14 - 12  82528.87   -2815.71   0.00000E+00   6.41167E+00    2.5321    
 Q(  1)   14 - 13  83929.13   -1415.46   0.00000E+00   1.99730E+03   -44.691    
 Q(  1)   14 - 14  85344.58       0.00   0.00000E+00   2.21833E-32  -1.48941E-16
 Q(  1)   15 -  0  65832.42  -20937.10   0.00000E+00   2.08431E-11   4.56543E-06
 Q(  1)   15 -  1  67313.77  -19455.75   0.00000E+00   1.88117E-08  -1.37156E-04
 Q(  1)   15 -  2  68763.50  -18006.02   0.00000E+00   4.34974E-07   6.59525E-04
 Q(  1)   15 -  3  70186.20  -16583.32   0.00000E+00   2.94564E-06  -1.71629E-03
 Q(  1)   15 -  4  71586.45  -15183.07   0.00000E+00   4.40186E-06   2.09806E-03
 Q(  1)   15 -  5  72968.80  -13800.72   0.00000E+00   1.74660E-06   1.32159E-03
 Q(  1)   15 -  6  74337.83  -12431.69   0.00000E+00   3.61875E-04  -1.90230E-02
 Q(  1)   15 -  7  75698.13  -11071.39   0.00000E+00   1.43302E-03   3.78552E-02
 Q(  1)   15 -  8  77054.31   -9715.21   0.00000E+00   7.87424E-03  -8.87369E-02
 Q(  1)   15 -  9  78411.02   -8358.50   0.00000E+00   8.19021E-03  -9.04998E-02
 Q(  1)   15 - 10  79772.85   -6996.67   0.00000E+00   7.70839E-03   8.77974E-02
 Q(  1)   15 - 11  81144.22   -5625.30   0.00000E+00   1.68176E+00   -1.2968    
 Q(  1)   15 - 12  82528.87   -4240.65   0.00000E+00   1.80453E+00   -1.3433    
 Q(  1)   15 - 13  83929.13   -2840.39   0.00000E+00   3.73936E+00    1.9337    
 Q(  1)   15 - 14  85344.58   -1424.94   0.00000E+00   2.15554E+03   -46.428    
 Q(  1)   15 - 15  86769.52       0.00   0.00000E+00   4.31639E-31   6.56993E-16
