

Matrix Elements of R                                                            
============================================================
 Note that (v',J') & (v",J") strictly label the upper and lower levels, resp.,
      and  E(lower)=E"
 but  E(2)-E(1)  is:  (energy of State-2 level) - (energy of State-1 level)

            Band
 dJ(J")    v'   v"  E(lower)  E(2)-E(1)  A(Einstein)   F-C Factor  <v'j'|M|v"j">
 ------   -------  --------   --------   -----------   -----------   -----------
 Q(  1)    0 -  0  65832.42       0.00   0.00000E+00   1.00000E+00    1.2414    
 Q(  1)    1 -  0  65832.42   -1481.35   0.00000E+00   2.42773E-15   4.05489E-02
 Q(  1)    1 -  1  67313.77       0.00   0.00000E+00   1.00000E+00    1.2532    
 Q(  1)    2 -  0  65832.42   -2931.08   0.00000E+00   2.17106E-17  -2.78616E-03
 Q(  1)    2 -  1  67313.77   -1449.73   0.00000E+00   4.06050E-24   5.77455E-02
 Q(  1)    2 -  2  68763.50       0.00   0.00000E+00   1.00000E+00    1.2641    
 Q(  1)    3 -  0  65832.42   -4353.78   0.00000E+00   1.48024E-16   2.72804E-04
 Q(  1)    3 -  1  67313.77   -2872.43   0.00000E+00   3.37271E-23  -4.54005E-03
 Q(  1)    3 -  2  68763.50   -1422.70   0.00000E+00   8.74240E-22   7.11990E-02
 Q(  1)    3 -  3  70186.20       0.00   0.00000E+00   1.00000E+00    1.2739    
 Q(  1)    4 -  0  65832.42   -5754.03   0.00000E+00   1.02877E-17   5.19398E-06
 Q(  1)    4 -  1  67313.77   -4272.68   0.00000E+00   1.09016E-22   4.78468E-04
 Q(  1)    4 -  2  68763.50   -2822.95   0.00000E+00   3.38478E-21  -6.00240E-03
 Q(  1)    4 -  3  70186.20   -1400.24   0.00000E+00   4.85024E-20   8.27306E-02
 Q(  1)    4 -  4  71586.45       0.00   0.00000E+00   1.00000E+00    1.2825    
 Q(  1)    5 -  0  65832.42   -7136.38   0.00000E+00   4.22632E-17  -1.85857E-05
 Q(  1)    5 -  1  67313.77   -5655.03   0.00000E+00   2.27386E-22   2.30705E-05
 Q(  1)    5 -  2  68763.50   -4205.30   0.00000E+00   8.50339E-21   6.58258E-04
 Q(  1)    5 -  3  70186.20   -2782.59   0.00000E+00   1.63102E-19  -7.18815E-03
 Q(  1)    5 -  4  71586.45   -1382.35   0.00000E+00   1.65294E-18   9.30212E-02
 Q(  1)    5 -  5  72968.80       0.00   0.00000E+00   1.00000E+00    1.2899    
 Q(  1)    6 -  0  65832.42   -8505.41   0.00000E+00   2.01713E-18   8.62398E-06
 Q(  1)    6 -  1  67313.77   -7024.06   0.00000E+00   3.24793E-22  -4.21491E-05
 Q(  1)    6 -  2  68763.50   -5574.33   0.00000E+00   1.40784E-20   5.69823E-05
 Q(  1)    6 -  3  70186.20   -4151.62   0.00000E+00   3.40516E-19   8.03707E-04
 Q(  1)    6 -  4  71586.45   -2751.38   0.00000E+00   4.43091E-18  -8.08885E-03
 Q(  1)    6 -  5  72968.80   -1369.03   0.00000E+00   3.14362E-17   0.10240    
 Q(  1)    6 -  6  74337.83       0.00   0.00000E+00   1.00000E+00    1.2960    
 Q(  1)    7 -  0  65832.42   -9865.71   0.00000E+00   2.02219E-17  -2.28853E-06
 Q(  1)    7 -  1  67313.77   -8384.36   0.00000E+00   1.11636E-28   1.87939E-05
 Q(  1)    7 -  2  68763.50   -6934.63   0.00000E+00   4.80751E-25  -7.21114E-05
 Q(  1)    7 -  3  70186.20   -5511.92   0.00000E+00   3.11600E-22   1.08964E-04
 Q(  1)    7 -  4  71586.45   -4111.68   0.00000E+00   1.25179E-20   9.11886E-04
 Q(  1)    7 -  5  72968.80   -2729.33   0.00000E+00   8.45106E-18  -8.69137E-03
 Q(  1)    7 -  6  74337.83   -1360.30   0.00000E+00   7.89790E-16   0.11104    
 Q(  1)    7 -  7  75698.13       0.00   0.00000E+00   1.00000E+00    1.3008    
 Q(  1)    8 -  0  65832.42  -11221.89   0.00000E+00   5.82887E-20  -3.31834E-08
 Q(  1)    8 -  1  67313.77   -9740.54   0.00000E+00   1.26709E-29  -4.36285E-06
 Q(  1)    8 -  2  68763.50   -8290.81   0.00000E+00   2.50927E-25   3.04099E-05
 Q(  1)    8 -  3  70186.20   -6868.11   0.00000E+00   2.57983E-22  -1.05911E-04
 Q(  1)    8 -  4  71586.45   -5467.87   0.00000E+00   1.06788E-20   1.79787E-04
 Q(  1)    8 -  5  72968.80   -4085.51   0.00000E+00   1.02008E-18   9.85539E-04
 Q(  1)    8 -  6  74337.83   -2716.48   0.00000E+00   2.03611E-16  -8.98209E-03
 Q(  1)    8 -  7  75698.13   -1356.18   0.00000E+00   3.18302E-24   0.11904    
 Q(  1)    8 -  8  77054.31       0.00   0.00000E+00   1.00000E+00    1.3041    
 Q(  1)    9 -  0  65832.42  -12578.60   0.00000E+00   1.13280E-17   4.60484E-07
 Q(  1)    9 -  1  67313.77  -11097.25   0.00000E+00   1.29343E-29  -6.50806E-07
 Q(  1)    9 -  2  68763.50   -9647.52   0.00000E+00   4.77215E-25  -5.63570E-06
 Q(  1)    9 -  3  70186.20   -8224.81   0.00000E+00   4.59576E-27   4.16672E-05
 Q(  1)    9 -  4  71586.45   -6824.57   0.00000E+00   2.27525E-20  -1.39848E-04
 Q(  1)    9 -  5  72968.80   -5442.22   0.00000E+00   1.19515E-19   2.69420E-04
 Q(  1)    9 -  6  74337.83   -4073.19   0.00000E+00   3.46152E-17   1.03271E-03
 Q(  1)    9 -  7  75698.13   -2712.89   0.00000E+00   4.30625E-24  -8.94942E-03
 Q(  1)    9 -  8  77054.31   -1356.71   0.00000E+00   1.45482E-23   0.12644    
 Q(  1)    9 -  9  78411.02       0.00   0.00000E+00   1.00000E+00    1.3060    
 Q(  1)   10 -  0  65832.42  -13940.43   0.00000E+00   2.04236E-19  -2.96851E-07
 Q(  1)   10 -  1  67313.77  -12459.08   0.00000E+00   2.52998E-29   1.30563E-06
 Q(  1)   10 -  2  68763.50  -11009.35   0.00000E+00   4.25840E-27  -2.18206E-06
 Q(  1)   10 -  3  70186.20   -9586.65   0.00000E+00   1.15676E-22  -5.08890E-06
 Q(  1)   10 -  4  71586.45   -8186.41   0.00000E+00   3.74124E-21   5.07450E-05
 Q(  1)   10 -  5  72968.80   -6804.06   0.00000E+00   8.08428E-19  -1.69195E-04
 Q(  1)   10 -  6  74337.83   -5435.02   0.00000E+00   1.33736E-19   3.77533E-04
 Q(  1)   10 -  7  75698.13   -4074.72   0.00000E+00   1.51796E-22   1.06635E-03
 Q(  1)   10 -  8  77054.31   -2718.54   0.00000E+00   1.28511E-21  -8.58689E-03
 Q(  1)   10 -  9  78411.02   -1361.84   0.00000E+00   1.38052E-20   0.13328    
 Q(  1)   10 - 10  79772.85       0.00   0.00000E+00   1.00000E+00    1.3065    
 Q(  1)   11 -  0  65832.42  -15311.80   0.00000E+00   6.62189E-18   9.03392E-08
 Q(  1)   11 -  1  67313.77  -13830.45   0.00000E+00   7.28764E-28  -6.95151E-07
 Q(  1)   11 -  2  68763.50  -12380.72   0.00000E+00   3.14850E-25   2.58467E-06
 Q(  1)   11 -  3  70186.20  -10958.01   0.00000E+00   4.29254E-23  -4.79348E-06
 Q(  1)   11 -  4  71586.45   -9557.77   0.00000E+00   2.56584E-21  -1.82233E-06
 Q(  1)   11 -  5  72968.80   -8175.42   0.00000E+00   4.24457E-19   5.62718E-05
 Q(  1)   11 -  6  74337.83   -6806.39   0.00000E+00   1.35268E-17  -1.88301E-04
 Q(  1)   11 -  7  75698.13   -5446.09   0.00000E+00   2.54277E-21   5.03954E-04
 Q(  1)   11 -  8  77054.31   -4089.91   0.00000E+00   2.18338E-20   1.10317E-03
 Q(  1)   11 -  9  78411.02   -2733.20   0.00000E+00   1.75328E-19  -7.89958E-03
 Q(  1)   11 - 10  79772.85   -1371.36   0.00000E+00   1.35064E-18   0.13957    
 Q(  1)   11 - 11  81144.22       0.00   0.00000E+00   1.00000E+00    1.3056    
 Q(  1)   12 -  0  65832.42  -16696.45   0.00000E+00   5.93004E-19   1.78949E-08
 Q(  1)   12 -  1  67313.77  -15215.10   0.00000E+00   2.52700E-27   1.31107E-07
 Q(  1)   12 -  2  68763.50  -13765.37   0.00000E+00   9.00717E-26  -1.11238E-06
 Q(  1)   12 -  3  70186.20  -12342.66   0.00000E+00   2.14974E-23   4.14779E-06
 Q(  1)   12 -  4  71586.45  -10942.42   0.00000E+00   6.38950E-21  -8.32495E-06
 Q(  1)   12 -  5  72968.80   -9560.07   0.00000E+00   1.37453E-21   4.80032E-06
 Q(  1)   12 -  6  74337.83   -8191.04   0.00000E+00   1.42026E-17   5.78435E-05
 Q(  1)   12 -  7  75698.13   -6830.74   0.00000E+00   6.57629E-20  -1.90970E-04
 Q(  1)   12 -  8  77054.31   -5474.56   0.00000E+00   5.67146E-19   6.48583E-04
 Q(  1)   12 -  9  78411.02   -4117.85   0.00000E+00   4.19307E-18   1.16140E-03
 Q(  1)   12 - 10  79772.85   -2756.02   0.00000E+00   2.88734E-17  -6.91789E-03
 Q(  1)   12 - 11  81144.22   -1384.65   0.00000E+00   2.20037E-16   0.14532    
 Q(  1)   12 - 12  82528.87       0.00   0.00000E+00   1.00000E+00    1.3036    
 Q(  1)   13 -  0  65832.42  -18096.71   0.00000E+00   4.06785E-18  -3.91685E-08
 Q(  1)   13 -  1  67313.77  -16615.36   0.00000E+00   2.35355E-26   1.00247E-07
 Q(  1)   13 -  2  68763.50  -15165.62   0.00000E+00   1.45488E-25   5.52998E-08
 Q(  1)   13 -  3  70186.20  -13742.92   0.00000E+00   5.62251E-23  -1.34970E-06
 Q(  1)   13 -  4  71586.45  -12342.68   0.00000E+00   9.25856E-22   5.70033E-06
 Q(  1)   13 -  5  72968.80  -10960.33   0.00000E+00   1.94946E-19  -1.21966E-05
 Q(  1)   13 -  6  74337.83   -9591.30   0.00000E+00   2.28746E-18   1.50799E-05
 Q(  1)   13 -  7  75698.13   -8231.00   0.00000E+00   1.03827E-27   5.64068E-05
 Q(  1)   13 -  8  77054.31   -6874.81   0.00000E+00   5.86454E-26  -1.71462E-04
 Q(  1)   13 -  9  78411.02   -5518.11   0.00000E+00   5.59943E-24   8.09944E-04
 Q(  1)   13 - 10  79772.85   -4156.27   0.00000E+00   8.34727E-21   1.25541E-03
 Q(  1)   13 - 11  81144.22   -2784.91   0.00000E+00   2.25043E-18  -5.71798E-03
 Q(  1)   13 - 12  82528.87   -1400.26   0.00000E+00   9.73941E-16   0.15062    
 Q(  1)   13 - 13  83929.13       0.00   0.00000E+00   1.00000E+00    1.3008    
 Q(  1)   14 -  0  65832.42  -19512.16   0.00000E+00   6.92864E-19   1.96814E-08
 Q(  1)   14 -  1  67313.77  -18030.81   0.00000E+00   1.35347E-25  -1.01069E-07
 Q(  1)   14 -  2  68763.50  -16581.08   0.00000E+00   1.76780E-25   2.69070E-07
 Q(  1)   14 -  3  70186.20  -15158.38   0.00000E+00   3.51755E-24  -2.16490E-07
 Q(  1)   14 -  4  71586.45  -13758.13   0.00000E+00   1.55820E-21  -1.18234E-06
 Q(  1)   14 -  5  72968.80  -12375.78   0.00000E+00   1.90594E-19   6.90685E-06
 Q(  1)   14 -  6  74337.83  -11006.75   0.00000E+00   9.46166E-19  -1.54398E-05
 Q(  1)   14 -  7  75698.13   -9646.45   0.00000E+00   1.56288E-27   2.89163E-05
 Q(  1)   14 -  8  77054.31   -8290.27   0.00000E+00   3.26778E-25   5.41164E-05
 Q(  1)   14 -  9  78411.02   -6933.56   0.00000E+00   6.14300E-27  -1.27176E-04
 Q(  1)   14 - 10  79772.85   -5571.73   0.00000E+00   2.29519E-21   9.81432E-04
 Q(  1)   14 - 11  81144.22   -4200.36   0.00000E+00   9.26043E-19   1.38620E-03
 Q(  1)   14 - 12  82528.87   -2815.71   0.00000E+00   3.09590E-16  -4.44678E-03
 Q(  1)   14 - 13  83929.13   -1415.46   0.00000E+00   2.81502E-23   0.15561    
 Q(  1)   14 - 14  85344.58       0.00   0.00000E+00   1.00000E+00    1.2984    
 Q(  1)   15 -  0  65832.42  -20937.10   0.00000E+00   2.66410E-18   1.13863E-09
 Q(  1)   15 -  1  67313.77  -19455.75   0.00000E+00   9.56584E-25   3.45467E-08
 Q(  1)   15 -  2  68763.50  -18006.02   0.00000E+00   5.62747E-26  -1.81064E-07
 Q(  1)   15 -  3  70186.20  -16583.32   0.00000E+00   2.42201E-23   5.14515E-07
 Q(  1)   15 -  4  71586.45  -15183.07   0.00000E+00   3.13362E-21  -6.95370E-07
 Q(  1)   15 -  5  72968.80  -13800.72   0.00000E+00   7.11774E-21  -4.50740E-07
 Q(  1)   15 -  6  74337.83  -12431.69   0.00000E+00   4.70014E-18   7.53833E-06
 Q(  1)   15 -  7  75698.13  -11071.39   0.00000E+00   1.06705E-27  -1.70336E-05
 Q(  1)   15 -  8  77054.31   -9715.21   0.00000E+00   3.53574E-25   4.53833E-05
 Q(  1)   15 -  9  78411.02   -8358.50   0.00000E+00   2.82806E-24   5.25275E-05
 Q(  1)   15 - 10  79772.85   -6996.67   0.00000E+00   1.48299E-22  -6.43477E-05
 Q(  1)   15 - 11  81144.22   -5625.30   0.00000E+00   3.11245E-19   1.14311E-03
 Q(  1)   15 - 12  82528.87   -4240.65   0.00000E+00   1.34596E-16   1.52571E-03
 Q(  1)   15 - 13  83929.13   -2840.39   0.00000E+00   4.32481E-23  -3.36997E-03
 Q(  1)   15 - 14  85344.58   -1424.94   0.00000E+00   9.13515E-23   0.16061    
 Q(  1)   15 - 15  86769.52       0.00   0.00000E+00   1.00000E+00    1.2981    
